%%
%2021年2月1日按p=0.01，且不抽取cover_rate=0处所得坐标点
cover_rate_L=[52,66,7,63,66,68,65,17,1,19,54,74,68,3,68,37,9,23,62,76,61,54,70,62,23,64,65,48,77,65,30,16,59,61,76,4,72,62,47,80,64,54,71,56,67,55,28,10,77,66,74,21,39,33,1,45,62,33,1,2,11,70,56,58,74,71,1,76,63,5,59,82,63,78,20,59,70,75,74,31,6,4,72,9,2,8,54,8,71,68,9,50,83,7,1,67,1,29,81,1,37,76,72,56,86,49,69,5,1,79,65,28,55,14,71,1,84,10,48,1,11,6,62,2,14,64,51,20,2,1,45,45,17,9,2,14,48,19,7,1,82,14,61,1,5,84,3,2,8,1,68,34,60,7,6,74,22,22,15,30,63,60,69,2,29,64,55,49,24,60,57,41,14,74,25,2,21,24,40,1,53,55,31,3,5,1,21,59,31,64,57,2,7,1,75,28,8,3,73,72,75,72,22,75,74,68,39,4,64,1,14,7,11,47,18,13,61,24,24,61,62,27,47,69,35,39,63,42,7,5,22,19,8,2,22,10,4,22,39,12,7,59,30,2,30,34,20,58,62,69,69,24,1,67,14,15,1,5,5,52,57,29,43,25,1,6,1,15,3,15,10,37,30,13,64,37,1,13,17,29,20,1,2,74,16,7,16,14,7,1,3,4,45,48,1,1,22,56,5,1,55,1,6,49,31,1,28,42,27,29,5,1,45,2,20,9,1,17,74,26,5,28,36,6,11,3,1,58,1,68,63,24,77,17,10,63,4,1,66,69,2,3,58,63,16,19,77,1,2,1,17,41,9,55,4,37,4,9,5,9,2,2,12,14,41,20,17,2,15,2,20,58,4,3,57,2,65,64,31,9,59,11,46,1,31,10,7,18,16,2,28,5,65,17,55,12,65,64,2,10,1,5,76,32,63,1,11,24,4,37,64,20,30,62,3,10,2,79,64,2,15,1,4,8,31,57,62,68,13,7,59,10,11,10,5,6,1,61,2,25,8,1,2,1,27,1,75,12,1,1,1,1,4,67,10,51,47,1,30,63,25,63,69,7,1,1,8,13,43,53,1,30,25,12,23,1,59,66,3,5,4,1,56,63,14,58,3,9,45,2,1,29,1,2,1,9,50,1,7,1,85,26,8,50,10,11,62,12,26,1,1,14,7,15,37,15,1,3,19,2,4,1,40,2,2,2,1,4,2,1,15,3,33,1,3,1,24,10,2,82,2,2,1,15,1,4,27,64,10,2,43,29,2,71,7,9,35,6,53,3,1,17,44,14,1,58,6,46,3,2,21,10,17,61,2,38,23,1,6,6,4,82,50,2,53,2,42,1,75,2,8,28,49,1,8,24,2,49,27,88,49,41,4,85,25,6,59,1,57,5,9,12,56,4,54,5,12,5,6,8,38,55,4,42,5,3,55,35,2,45,57,5,32,48,6,56,3,50,1,64,46,12,10,1,2,1,51,8,2,2,7,51,11,39,8,57,2,50,28,2,47,1,48,52,2,3,6,1,6,4,1,4,25,3,33,46,2,11,4,59,20,42,49,67,68,62,45,62,35,34,66,16,8,5,5,3,30,58,35,1,10,25,49,5,1,54,1,19,42,17,23,26,52,2,13,2,19,66,65,16,21,17,2,18,5,30,8,4,33,21,10,5,3,35,1,4,44,2,65,4,32,24,12,42,3,4,54,68,12,37,43,55,33,3,23,16,13,13,3,1,20,11,71,1,3,1,5,22,4,1,69,63,34,67,55,15,57,64,1,56,45,66,54,19,3,65,59,46,7,5,58,19,4,40,63,16,63,50,54,17,56,5,13,38,41,42,21,52,31,7,2,1,49,38,2,35,30,6,10,22,31,38,35,47,9,52,5,43,32,6,65,52,10,1,50,15,3,45,2,52,2,56,2,7,43,10,6,2,3,5,4,1,3,1];
hilbert_L=[1260,1285,261123,262380,262397,262406,267182,267262,267607,323517,240653,262151,265894,322573,1011,262133,267251,267513,1402,241541,241887,261136,1316,245698,322583,14996,261070,14890,242064,1511,241517,262635,1201,1500,245346,245996,246626,246962,1140,241425,245370,246858,246960,261342,262554,14900,245663,266422,242166,242125,246893,266401,266402,267063,324082,240893,241495,245671,267412,245653,246015,246870,241130,261652,241404,242183,266984,247725,247371,268189,247632,246309,247413,245223,268103,241345,261840,245104,244942,247614,321905,241085,242307,246086,267992,1675,246449,247608,247454,242400,246132,246410,260473,321839,14564,242460,246352,268277,242360,247577,14338,247555,247474,247465,260329,357,247468,326916,242751,259780,2391,248041,3667,242776,243639,242761,260067,249482,259718,268561,12914,320185,3461,243605,248175,258427,13008,248213,268686,268691,2440,2443,319778,259631,258613,249315,12823,238067,324856,258323,264020,13478,2929,263879,13381,263724,13200,13271,238547,248779,3194,13690,13509,237664,248612,263819,325196,13540,325215,13623,4091,2831,7952,250119,250083,7902,7919,8567,270434,7915,11990,276100,11818,8013,8606,276166,11787,313846,313609,230936,313074,7744,11841,230912,11715,231171,314195,4680,276292,4654,7349,231264,318775,318781,9147,7220,8856,230496,7497,7494,7413,8984,319133,7086,10222,5155,314736,314765,5357,10376,11110,11130,274974,314548,10442,311859,9382,6914,314539,5612,6893,9710,9497,9739,10746,274547,5592,9510,9931,10811,6752,10654,54954,33005,55917,54644,295888,54915,60098,54581,32844,59897,32877,54766,60216,60168,55112,59632,59628,59180,59620,58395,293069,59480,33777,208211,205569,205517,205553,56325,58309,205534,280931,280937,34708,208240,201604,56446,60534,54129,280968,280693,292412,281151,57239,35084,205250,204884,61276,227810,208439,204706,227045,208436,208458,281843,281438,281482,281483,228062,291954,208420,61157,61160,226676,221235,61188,57078,34210,35228,226642,292164,222149,291836,220224,221125,286403,62381,51971,286717,42214,290504,42335,214625,286452,286748,219870,220261,286430,286433,41954,286366,286444,286685,61551,52266,215347,46809,214750,209767,51758,41169,209697,286576,287201,62904,283067,290658,51718,210004,210374,286811,62550,51707,210857,286124,41484,209426,61976,214873,286198,51344,286196,62174,210829,285833,299853,62166,41425,200141,46975,285884,285888,285902,51404,283286,200264,290081,299974,62127,41310,51464,47054,215030,51458,63171,50883,50945,50966,48450,63798,48438,43259,287833,63541,217524,301023,301039,49778,217736,45783,197241,50905,45893,219002,287958,48253,50786,43485,45940,301295,63632,51118,48288,212489,300853,48285,44296,43116,63918,50690,45655,212465,50610,216583,216653,284184,284191,50668,218520,48748,218154,49277,300729,50147,64134,64155,50158,197940,289436,50438,300436,50510,130806,192840,497309,126981,70534,131018,497231,136550,191271,485000,192725,127461,130885,191089,191102,497112,501046,69877,191313,502266,70760,125077,71591,71576,131665,190564,70170,497418,70176,71542,195725,192132,126530,127958,135857,71413,190492,195588,497654,71426,70038,123228,137563,71728,71800,500242,124467,73211,132302,72909,72950,139063,72627,124375,72851,72830,195003,483280,72482,123938,72698,138230,495925,495880,189773,189378,124164,189759,117333,187158,75021,188344,494642,75025,74722,494694,187020,121969,495502,122645,188268,121449,75166,121779,75208,188173,181991,494797,122626,495441,144895,122349,75312,122341,117600,115949,115948,489062,122428,505734,494893,495164,478510,75290,489348,477657,116762,186575,493849,489189,75480,145518,505795,75398,121180,504495,183209,505612,183231,495001,142742,183616,507237,489791,491943,491156,491099,144152,491938,142672,507296,118115,505909,507319,491086,476883,477124,120539,119105,142727,141353,493288,476903,119503,119087,117829,117887,118234,115579,490800,119336,491985,119512,493387,475868,141456,141728,507619,506356,506275,115209,142872,493394,118214,493467,476729,146943,489574,476608,115123,146950,180315,492651,506461,492701,490338,120308,119918,507718,491355,180298,490356,476339,120290,119650,506758,506754,490311,180412,492396,490092,491406,118820,490279,180513,506844,492773,490227,118797,180548,492788,118840,476413,184004,491585,508220,163921,179272,512952,513352,147526,114655,164745,471009,113453,113618,511958,513070,470059,470996,471339,114545,471227,180011,470244,471527,163707,513439,163599,513446,469844,470189,513476,179691,99921,112788,179460,179481,178591,471989,471568,470728,470477,114042,179580,179588,470597,164221,470397,470401,178372,178373,178234,179566,178486,179603,165644,178199,179627,470693,471827,112300,111254,166208,166224,467306,468658,165895,112629,110943,509023,112585,176783,472991,160141,176825,112426,177968,467387,177685,468517,166275,468520,166279,509148,178059,467397,176888,166039,509703,111338,165993,177584,510223,167114,177612,176943,467181,111469,166515,509388,468097,468088,177221,177007,509228,151525,467855,177202,166627,177132,468184,468002,177118,509328,509358,177480,509546,172047,522858,171773,172026,522910,172255,159522,171746,517091,522689,521920,151954,155175,171544,465794,152046,155189,151715,159300,172455,175704,521979,522994,522995,521741,175202,523096,175567,175263,175285,523125,522467,522081,175507,175236,172841,464947,466562,158919,158758,175463,517859,523216,522270,158970,175129,522334,522317,522238,465209,175340,157691,171004,523583,520897,170919,523530,520944,463279,463198,173178,523638,520859,463241,518194,170091,463171,170778,520726,464825,518324,464401,518303,523372,520718,519691,520625,520696,169720,520004,519057,523794,523810,520064,523922,519207,518957,169649,519269,524017,520129,462610,589605,529189,528537,524717,873636,524852,